| Instance	| Size			| Best	| Seed	
===================================================
| 41		| 200 x 1000	| 474	| 1829164700	
| 41		| 200 x 1000	| 476	| 1956725890	
| 41		| 200 x 1000	| 474	| 2018699554	
| 41		| 200 x 1000	| 476	| 1956725890	
| 41		| 200 x 1000	| 478	| 1311053135	
| 41		| 200 x 1000	| 476	| 1956725890	
| 41		| 200 x 1000	| 478	| 118352462	
| 41		| 200 x 1000	| 476	| 1956725890	
| 41		| 200 x 1000	| 478	| 1550089733	
| 41		| 200 x 1000	| 476	| 1956725890	
| 41		| 200 x 1000	| 473	| 865113938	
| 41		| 200 x 1000	| 476	| 1956725890	
| 41		| 200 x 1000	| 475	| 1442407170	
| 41		| 200 x 1000	| 476	| 1956725890	
| 41		| 200 x 1000	| 476	| 1028566121	
| 41		| 200 x 1000	| 476	| 1118140819	
| 41		| 200 x 1000	| 480	| 1975012498	
